0,387
0,386
0,385
0,384
0,319
0,318
0,317
0,316
0,283
0,243
0,273
0,270
25,49
25,48
25,47
25,46
25,45
25,44
25,43
25,42
25,41
25,40
25,39
25,38
25,37
25,36
25,35
3,2
3,1
3,3
10,82
10,118
10,170
10,158
10,20
10,2
10,3
11,13
11,5
11,6
11,2
11,3
9,4
9,6
9,2
9,3
8,9
8,6
8,11
8,2
8,3
12,2
12,1
12,3
20,2
20,1
20,3
19,2
19,1
19,3
18,1
18,3
2,2
2,1
2,3
24,4
24,3
24,2
24,1
24,0
23,3
23,2
23,1
23,0
14,1
14,3
13,1
13,3
11,28
11,27
11,26
11,25
11,24
11,23
11,22
11,1
11,21
10,303
10,302
10,301
10,300
10,299
10,298
10,297
10,296
10,295
10,294
10,293
10,292
10,291
10,290
10,289
10,288
10,287
10,286
10,285
10,284
10,283
10,282
10,281
10,280
